%YAML:1.0
---
model_type: MEI
camera_name: camera
image_width: 848
image_height: 800
mirror_parameters:
   xi: 1.80559725
distortion_parameters:
   k1: -0.01165887
   k2: 0.14069972
   p1: -0.00032198
   p2: -0.00065773
projection_parameters:
   gamma1: 802.43825492
   gamma2: 804.32219732
   u0: 431.95099504
   v0: 391.98366592


