%YAML:1.0
---
model_type: MEI
camera_name: camera
image_width: 848
image_height: 800
mirror_parameters:
   xi: 1.80568183
distortion_parameters:
   k1: -0.00760399
   k2: 0.06965033   
   p1: 0.00040561
   p2: -0.00023911
projection_parameters:
   gamma1: 802.69365966
   gamma2: 804.53256826
   u0: 429.14563735
   v0: 396.74560534
     