%YAML:1.0
---
model_type: PINHOLE
camera_name: camera
image_width: 1280
image_height: 560
distortion_parameters:
   k1: 0.0
   k2: 0.0
   p1: 0.0
   p2: 0.0
projection_parameters:
   fx: 781.3580307187005
   fy: 781.3580307187005
   cx: 617.9659957885742
   cy: 263.5459613800049
